0, (1, 0), [(1, 1)], true
1, (1, 1), [(1, 0), (4, 1), (1, 4)], true
2, (4, 1), [(6, 1), (4, 3), (1, 1)], true
3, (6, 1), [(4, 1)], true
4, (3, 3), [(3, 4), (4, 3)], true
5, (4, 3), [(3, 3), (4, 1), (6, 3)], true
6, (6, 3), [(4, 3), (6, 6)], true
7, (1, 4), [(3, 4), (1, 6), (1, 1)], true
8, (3, 4), [(3, 3), (1, 4)], true
9, (4, 5), [(4, 6)], true
10, (1, 6), [(2, 6), (1, 4)], true
11, (2, 6), [(1, 6)], true
12, (4, 6), [(4, 5), (6, 6)], true
13, (6, 6), [(6, 7), (4, 6), (6, 3)], true
14, (6, 7), [(6, 6)], true

